50
17 2 4 7 10 11 16 18 20 21 27 28 29 30 38 39 42 48 
16 3 5 7 12 16 23 26 29 31 33 34 35 38 41 43 44 
15 0 8 12 19 22 24 25 26 29 31 34 35 36 38 43 
22 1 8 9 11 13 14 15 16 18 19 21 22 27 28 29 30 37 38 39 42 45 47 
17 0 5 8 12 16 19 20 24 26 29 31 33 35 36 43 47 49 
14 1 4 9 11 15 19 20 22 29 30 40 47 48 49 
14 7 8 19 22 24 29 31 32 34 36 38 41 43 46 
20 0 1 6 9 10 11 12 17 21 25 26 27 28 30 31 37 39 40 41 42 
17 2 3 4 6 9 15 18 25 28 30 31 33 35 36 37 39 45 
16 3 5 7 8 19 20 22 25 29 38 41 43 44 47 48 49 
15 0 7 16 20 22 23 29 31 32 34 35 36 38 44 46 
17 0 3 5 7 19 20 22 23 25 26 29 31 34 41 43 44 49 
19 1 2 4 7 13 17 18 19 22 27 29 30 38 39 40 42 45 47 48 
14 3 12 19 20 25 29 31 32 33 36 38 44 46 48 
12 3 20 22 23 24 25 26 31 34 35 43 49 
16 3 5 8 16 22 25 26 29 31 33 35 36 38 41 48 49 
20 0 1 3 4 10 15 17 18 21 25 27 28 31 33 36 37 42 43 44 46 
18 7 12 16 19 22 23 24 26 29 32 33 35 36 38 44 47 48 49 
16 0 3 8 12 16 19 22 24 25 29 33 36 38 44 47 49 
20 2 3 4 5 6 9 11 12 13 17 18 21 28 31 32 37 40 42 43 44 
19 0 4 5 9 10 11 13 14 23 24 25 28 30 31 35 36 41 42 45 
16 0 3 7 16 19 24 25 32 35 36 38 41 43 46 48 49 
25 2 3 5 6 9 10 11 12 14 15 17 18 27 28 30 31 32 33 36 37 39 41 42 44 46 
11 1 10 11 14 17 20 27 29 38 48 49 
11 2 4 6 14 17 18 20 21 29 34 49 
16 2 7 8 9 11 13 14 15 16 18 20 21 27 30 34 40 
16 1 2 4 7 11 14 15 17 28 29 30 37 39 42 47 48 
18 0 3 7 12 16 22 23 25 29 33 34 35 36 38 43 44 47 48 
15 0 3 7 8 16 19 20 22 26 33 34 36 41 44 46 
28 0 1 2 3 4 5 6 9 10 11 12 13 15 17 18 23 24 26 27 30 31 37 39 40 41 43 44 46 
19 0 3 5 7 8 12 20 22 25 26 29 32 34 35 36 41 44 46 48 
20 1 2 4 6 7 8 10 11 13 14 15 16 19 20 22 29 40 45 48 49 
16 6 10 13 17 19 21 22 30 37 38 40 42 45 47 48 49 
19 1 4 8 13 15 16 17 18 22 27 28 34 37 38 39 40 45 48 49 
18 1 2 6 10 11 14 24 25 27 28 30 33 37 39 40 43 44 45 
15 1 2 4 8 10 14 15 17 20 21 27 30 38 47 49 
18 2 4 6 8 10 13 15 16 17 18 20 21 22 27 28 30 45 49 
15 3 7 8 16 19 22 26 29 32 33 34 38 41 47 48 
23 0 1 2 3 6 9 10 12 13 15 17 18 21 23 27 32 33 35 37 39 40 41 43 
14 0 3 7 8 12 22 26 29 33 34 38 41 47 48 
15 5 7 12 19 25 29 31 32 33 34 38 41 46 47 48 
19 1 6 7 9 11 15 20 21 22 28 29 30 37 38 39 40 47 48 49 
12 0 3 7 12 16 19 20 22 26 32 46 47 
17 1 2 4 6 9 11 14 16 19 21 27 29 34 38 45 47 48 
16 1 9 10 11 13 16 17 18 19 22 27 28 29 30 34 49 
12 3 8 12 20 31 32 33 34 36 43 47 49 
11 6 10 13 16 21 22 28 29 30 40 42 
18 3 4 5 9 12 17 18 26 27 32 35 37 39 40 41 42 43 45 
20 0 5 9 12 13 15 17 21 23 26 27 30 31 32 33 37 39 40 41 43 
19 4 5 9 11 14 15 17 18 21 23 24 31 32 33 35 36 41 44 45 
